6.562500000000000000e+04 1.000000000000000000e+02 1.394740000000000002e+01 1.394740000000000002e+01 1.000000000000000000e+02 6.000000000000000000e+00 4.799999999999999822e+00 1.040000000000000036e+01 7.538569999999999993e-01 3.726030000000000175e-01
6.875000000000000000e+04 1.000000000000000000e+02 1.394740000000000002e+01 1.394740000000000002e+01 1.000000000000000000e+02 6.000000000000000000e+00 1.760000000000000142e+01 2.239999999999999858e+01 9.457950000000000523e-01 2.926409999999999845e-01
8.125000000000000000e+04 1.000000000000000000e+02 1.394740000000000002e+01 1.842109999999999914e+01 1.000000000000000000e+02 6.000000000000000000e+00 5.360000000000000142e+01 4.960000000000000142e+01 5.451859999999999484e-01 8.078280000000000183e-02
9.375000000000000000e+04 1.000000000000000000e+02 1.842109999999999914e+01 1.842109999999999914e+01 1.000000000000000000e+02 6.000000000000000000e+00 5.760000000000000142e+01 6.640000000000000568e+01 5.646949999999999470e-01 5.963569999999999982e-02
6.562500000000000000e+04 1.263160000000000025e+02 1.394740000000000002e+01 1.394740000000000002e+01 1.000000000000000000e+02 6.000000000000000000e+00 2.799999999999999822e+00 1.040000000000000036e+01 8.292920000000000291e-01 3.726030000000000175e-01
6.875000000000000000e+04 1.263160000000000025e+02 1.394740000000000002e+01 1.394740000000000002e+01 1.000000000000000000e+02 6.000000000000000000e+00 1.119999999999999929e+01 2.239999999999999858e+01 6.457469999999999599e-01 2.926409999999999845e-01
7.187500000000000000e+04 1.263160000000000025e+02 1.394740000000000002e+01 1.394740000000000002e+01 1.000000000000000000e+02 6.000000000000000000e+00 4.720000000000000284e+01 3.239999999999999858e+01 4.581169999999999964e-01 1.665030000000000121e-01
8.125000000000000000e+04 1.263160000000000025e+02 1.394740000000000002e+01 1.842109999999999914e+01 1.000000000000000000e+02 6.000000000000000000e+00 3.639999999999999858e+01 4.960000000000000142e+01 6.281550000000000189e-01 8.078280000000000183e-02
9.687500000000000000e+04 1.263160000000000025e+02 1.842109999999999914e+01 1.842109999999999914e+01 1.000000000000000000e+02 6.000000000000000000e+00 8.079999999999999716e+01 7.040000000000000568e+01 2.680000000000000160e-01 5.532549999999999968e-02
6.562500000000000000e+04 1.526320000000000050e+02 1.394740000000000002e+01 1.394740000000000002e+01 1.000000000000000000e+02 6.000000000000000000e+00 2.000000000000000000e+00 1.040000000000000036e+01 8.477879999999999860e-01 3.726030000000000175e-01
6.875000000000000000e+04 1.526320000000000050e+02 1.394740000000000002e+01 1.394740000000000002e+01 1.000000000000000000e+02 6.000000000000000000e+00 8.000000000000000000e+00 2.239999999999999858e+01 6.544609999999999594e-01 2.926409999999999845e-01
7.187500000000000000e+04 1.526320000000000050e+02 1.394740000000000002e+01 1.394740000000000002e+01 1.000000000000000000e+02 6.000000000000000000e+00 3.479999999999999716e+01 3.239999999999999858e+01 5.165560000000000151e-01 1.665030000000000121e-01
8.437500000000000000e+04 1.526320000000000050e+02 1.394740000000000002e+01 1.842109999999999914e+01 1.000000000000000000e+02 6.000000000000000000e+00 6.120000000000000284e+01 5.360000000000000142e+01 2.360410000000000008e-01 6.895669999999999578e-02
9.687500000000000000e+04 1.526320000000000050e+02 1.842109999999999914e+01 1.842109999999999914e+01 1.000000000000000000e+02 6.000000000000000000e+00 6.440000000000000568e+01 7.040000000000000568e+01 2.842790000000000039e-01 5.532549999999999968e-02
1.000000000000000000e+05 1.526320000000000050e+02 1.842109999999999914e+01 1.842109999999999914e+01 1.000000000000000000e+02 6.000000000000000000e+00 8.400000000000000000e+01 7.359999999999999432e+01 2.166510000000000102e-01 5.314270000000000105e-02
7.187500000000000000e+04 1.789470000000000027e+02 1.394740000000000002e+01 1.394740000000000002e+01 1.000000000000000000e+02 6.000000000000000000e+00 2.880000000000000071e+01 3.239999999999999858e+01 4.641549999999999843e-01 1.665030000000000121e-01
8.437500000000000000e+04 1.789470000000000027e+02 1.394740000000000002e+01 1.842109999999999914e+01 1.000000000000000000e+02 6.000000000000000000e+00 4.839999999999999858e+01 5.360000000000000142e+01 2.873680000000000123e-01 6.895669999999999578e-02
8.750000000000000000e+04 1.789470000000000027e+02 1.394740000000000002e+01 1.842109999999999914e+01 1.000000000000000000e+02 6.000000000000000000e+00 6.640000000000000568e+01 5.800000000000000000e+01 2.026380000000000126e-01 6.796770000000000589e-02
9.687500000000000000e+04 1.789470000000000027e+02 1.842109999999999914e+01 1.842109999999999914e+01 1.000000000000000000e+02 6.000000000000000000e+00 5.800000000000000000e+01 7.040000000000000568e+01 2.518580000000000263e-01 5.532549999999999968e-02
1.000000000000000000e+05 1.789470000000000027e+02 1.842109999999999914e+01 1.842109999999999914e+01 1.000000000000000000e+02 6.000000000000000000e+00 7.240000000000000568e+01 7.359999999999999432e+01 2.111379999999999924e-01 5.314270000000000105e-02
7.187500000000000000e+04 2.052630000000000052e+02 1.394740000000000002e+01 1.394740000000000002e+01 1.000000000000000000e+02 6.000000000000000000e+00 2.400000000000000000e+01 3.239999999999999858e+01 4.648740000000000094e-01 1.665030000000000121e-01
7.500000000000000000e+04 2.052630000000000052e+02 1.394740000000000002e+01 1.394740000000000002e+01 1.000000000000000000e+02 6.000000000000000000e+00 4.760000000000000142e+01 3.839999999999999858e+01 2.310740000000000016e-01 1.057229999999999975e-01
8.437500000000000000e+04 2.052630000000000052e+02 1.394740000000000002e+01 1.842109999999999914e+01 1.000000000000000000e+02 6.000000000000000000e+00 4.160000000000000142e+01 5.360000000000000142e+01 3.255170000000000008e-01 6.895669999999999578e-02
8.750000000000000000e+04 2.052630000000000052e+02 1.394740000000000002e+01 1.842109999999999914e+01 1.000000000000000000e+02 6.000000000000000000e+00 6.000000000000000000e+01 5.800000000000000000e+01 1.771550000000000069e-01 6.796770000000000589e-02
9.062500000000000000e+04 2.052630000000000052e+02 1.394740000000000002e+01 1.842109999999999914e+01 1.000000000000000000e+02 6.000000000000000000e+00 7.200000000000000000e+01 6.239999999999999858e+01 1.567050000000000110e-01 6.261139999999999761e-02
1.000000000000000000e+05 2.052630000000000052e+02 1.842109999999999914e+01 1.842109999999999914e+01 1.000000000000000000e+02 6.000000000000000000e+00 6.239999999999999858e+01 7.359999999999999432e+01 2.057259999999999922e-01 5.314270000000000105e-02
7.187500000000000000e+04 2.315790000000000077e+02 1.394740000000000002e+01 1.394740000000000002e+01 1.000000000000000000e+02 6.000000000000000000e+00 2.160000000000000142e+01 3.239999999999999858e+01 3.916069999999999829e-01 1.665030000000000121e-01
7.500000000000000000e+04 2.315790000000000077e+02 1.394740000000000002e+01 1.394740000000000002e+01 1.000000000000000000e+02 6.000000000000000000e+00 4.239999999999999858e+01 3.839999999999999858e+01 2.253890000000000060e-01 1.057229999999999975e-01
7.812500000000000000e+04 2.315790000000000077e+02 1.394740000000000002e+01 1.394740000000000002e+01 1.000000000000000000e+02 6.000000000000000000e+00 5.479999999999999716e+01 4.400000000000000000e+01 1.562149999999999928e-01 9.167400000000000548e-02
8.750000000000000000e+04 2.315790000000000077e+02 1.394740000000000002e+01 1.842109999999999914e+01 1.000000000000000000e+02 6.000000000000000000e+00 5.279999999999999716e+01 5.800000000000000000e+01 1.844290000000000096e-01 6.796770000000000589e-02
9.062500000000000000e+04 2.315790000000000077e+02 1.394740000000000002e+01 1.842109999999999914e+01 1.000000000000000000e+02 6.000000000000000000e+00 6.520000000000000284e+01 6.239999999999999858e+01 1.466439999999999966e-01 6.261139999999999761e-02
9.375000000000000000e+04 2.315790000000000077e+02 1.394740000000000002e+01 1.842109999999999914e+01 1.000000000000000000e+02 6.000000000000000000e+00 7.559999999999999432e+01 6.640000000000000568e+01 1.224049999999999999e-01 5.963569999999999982e-02
7.187500000000000000e+04 2.578949999999999818e+02 1.394740000000000002e+01 1.394740000000000002e+01 1.000000000000000000e+02 6.000000000000000000e+00 2.000000000000000000e+01 3.239999999999999858e+01 3.451750000000000096e-01 1.665030000000000121e-01
7.500000000000000000e+04 2.578949999999999818e+02 1.394740000000000002e+01 1.394740000000000002e+01 1.000000000000000000e+02 6.000000000000000000e+00 3.720000000000000284e+01 3.839999999999999858e+01 2.418150000000000022e-01 1.057229999999999975e-01
7.812500000000000000e+04 2.578949999999999818e+02 1.394740000000000002e+01 1.394740000000000002e+01 1.000000000000000000e+02 6.000000000000000000e+00 4.960000000000000142e+01 4.400000000000000000e+01 1.709340000000000026e-01 9.167400000000000548e-02
8.125000000000000000e+04 2.578949999999999818e+02 1.394740000000000002e+01 1.394740000000000002e+01 1.000000000000000000e+02 6.000000000000000000e+00 6.039999999999999858e+01 4.960000000000000142e+01 1.350959999999999939e-01 8.078280000000000183e-02
8.750000000000000000e+04 2.578949999999999818e+02 1.394740000000000002e+01 1.842109999999999914e+01 1.000000000000000000e+02 6.000000000000000000e+00 4.839999999999999858e+01 5.800000000000000000e+01 1.830430000000000113e-01 6.796770000000000589e-02
9.062500000000000000e+04 2.578949999999999818e+02 1.394740000000000002e+01 1.842109999999999914e+01 1.000000000000000000e+02 6.000000000000000000e+00 5.920000000000000284e+01 6.239999999999999858e+01 1.444340000000000068e-01 6.261139999999999761e-02
9.375000000000000000e+04 2.578949999999999818e+02 1.394740000000000002e+01 1.842109999999999914e+01 1.000000000000000000e+02 6.000000000000000000e+00 6.879999999999999716e+01 6.640000000000000568e+01 1.243149999999999950e-01 5.963569999999999982e-02
9.687500000000000000e+04 2.578949999999999818e+02 1.394740000000000002e+01 1.842109999999999914e+01 1.000000000000000000e+02 6.000000000000000000e+00 7.800000000000000000e+01 7.040000000000000568e+01 1.101550000000000029e-01 5.532549999999999968e-02
1.000000000000000000e+05 2.578949999999999818e+02 1.394740000000000002e+01 1.842109999999999914e+01 1.000000000000000000e+02 6.000000000000000000e+00 8.640000000000000568e+01 7.359999999999999432e+01 1.031529999999999947e-01 5.314270000000000105e-02
7.500000000000000000e+04 2.842110000000000127e+02 1.394740000000000002e+01 1.394740000000000002e+01 1.000000000000000000e+02 6.000000000000000000e+00 3.439999999999999858e+01 3.839999999999999858e+01 2.196849999999999914e-01 1.057229999999999975e-01
7.812500000000000000e+04 2.842110000000000127e+02 1.394740000000000002e+01 1.394740000000000002e+01 1.000000000000000000e+02 6.000000000000000000e+00 4.560000000000000142e+01 4.400000000000000000e+01 1.664200000000000124e-01 9.167400000000000548e-02
8.125000000000000000e+04 2.842110000000000127e+02 1.394740000000000002e+01 1.394740000000000002e+01 1.000000000000000000e+02 6.000000000000000000e+00 5.479999999999999716e+01 4.960000000000000142e+01 1.359190000000000120e-01 8.078280000000000183e-02
8.437500000000000000e+04 2.842110000000000127e+02 1.394740000000000002e+01 1.394740000000000002e+01 1.000000000000000000e+02 6.000000000000000000e+00 6.360000000000000142e+01 5.360000000000000142e+01 1.094880000000000020e-01 6.895669999999999578e-02
8.750000000000000000e+04 2.842110000000000127e+02 1.394740000000000002e+01 1.394740000000000002e+01 1.000000000000000000e+02 6.000000000000000000e+00 7.240000000000000568e+01 5.800000000000000000e+01 1.022580000000000017e-01 6.796770000000000589e-02
8.750000000000000000e+04 2.842110000000000127e+02 1.394740000000000002e+01 1.842109999999999914e+01 1.000000000000000000e+02 6.000000000000000000e+00 4.360000000000000142e+01 5.800000000000000000e+01 1.701850000000000029e-01 6.796770000000000589e-02
9.062500000000000000e+04 2.842110000000000127e+02 1.394740000000000002e+01 1.842109999999999914e+01 1.000000000000000000e+02 6.000000000000000000e+00 5.360000000000000142e+01 6.239999999999999858e+01 1.454310000000000047e-01 6.261139999999999761e-02
9.375000000000000000e+04 2.842110000000000127e+02 1.394740000000000002e+01 1.842109999999999914e+01 1.000000000000000000e+02 6.000000000000000000e+00 6.279999999999999716e+01 6.640000000000000568e+01 1.229129999999999945e-01 5.963569999999999982e-02
9.687500000000000000e+04 2.842110000000000127e+02 1.394740000000000002e+01 1.842109999999999914e+01 1.000000000000000000e+02 6.000000000000000000e+00 7.159999999999999432e+01 7.040000000000000568e+01 1.065200000000000036e-01 5.532549999999999968e-02
1.000000000000000000e+05 2.842110000000000127e+02 1.394740000000000002e+01 1.842109999999999914e+01 1.000000000000000000e+02 6.000000000000000000e+00 7.920000000000000284e+01 7.359999999999999432e+01 9.989199999999999469e-02 5.314270000000000105e-02
7.500000000000000000e+04 3.105260000000000105e+02 1.394740000000000002e+01 1.394740000000000002e+01 1.000000000000000000e+02 6.000000000000000000e+00 3.080000000000000071e+01 3.839999999999999858e+01 1.893569999999999975e-01 1.057229999999999975e-01
7.812500000000000000e+04 3.105260000000000105e+02 1.394740000000000002e+01 1.394740000000000002e+01 1.000000000000000000e+02 6.000000000000000000e+00 4.160000000000000142e+01 4.400000000000000000e+01 1.577060000000000128e-01 9.167400000000000548e-02
8.125000000000000000e+04 3.105260000000000105e+02 1.394740000000000002e+01 1.394740000000000002e+01 1.000000000000000000e+02 6.000000000000000000e+00 5.079999999999999716e+01 4.960000000000000142e+01 1.286299999999999943e-01 8.078280000000000183e-02
8.437500000000000000e+04 3.105260000000000105e+02 1.394740000000000002e+01 1.394740000000000002e+01 1.000000000000000000e+02 6.000000000000000000e+00 5.960000000000000142e+01 5.360000000000000142e+01 1.132309999999999983e-01 6.895669999999999578e-02
8.750000000000000000e+04 3.105260000000000105e+02 1.394740000000000002e+01 1.394740000000000002e+01 1.000000000000000000e+02 6.000000000000000000e+00 6.679999999999999716e+01 5.800000000000000000e+01 9.882219999999999893e-02 6.796770000000000589e-02
9.062500000000000000e+04 3.105260000000000105e+02 1.394740000000000002e+01 1.394740000000000002e+01 1.000000000000000000e+02 6.000000000000000000e+00 7.440000000000000568e+01 6.239999999999999858e+01 9.026779999999999526e-02 6.261139999999999761e-02
9.062500000000000000e+04 3.105260000000000105e+02 1.394740000000000002e+01 1.842109999999999914e+01 1.000000000000000000e+02 6.000000000000000000e+00 4.960000000000000142e+01 6.239999999999999858e+01 1.465390000000000026e-01 6.261139999999999761e-02
9.375000000000000000e+04 3.105260000000000105e+02 1.394740000000000002e+01 1.842109999999999914e+01 1.000000000000000000e+02 6.000000000000000000e+00 5.800000000000000000e+01 6.640000000000000568e+01 1.198570000000000052e-01 5.963569999999999982e-02
9.687500000000000000e+04 3.105260000000000105e+02 1.394740000000000002e+01 1.842109999999999914e+01 1.000000000000000000e+02 6.000000000000000000e+00 6.559999999999999432e+01 7.040000000000000568e+01 1.067020000000000052e-01 5.532549999999999968e-02
1.000000000000000000e+05 3.105260000000000105e+02 1.394740000000000002e+01 1.842109999999999914e+01 1.000000000000000000e+02 6.000000000000000000e+00 7.279999999999999716e+01 7.359999999999999432e+01 1.034169999999999950e-01 5.314270000000000105e-02
7.500000000000000000e+04 3.368419999999999845e+02 1.394740000000000002e+01 1.394740000000000002e+01 1.000000000000000000e+02 6.000000000000000000e+00 2.880000000000000071e+01 3.839999999999999858e+01 2.020540000000000114e-01 1.057229999999999975e-01
7.812500000000000000e+04 3.368419999999999845e+02 1.394740000000000002e+01 1.394740000000000002e+01 1.000000000000000000e+02 6.000000000000000000e+00 3.839999999999999858e+01 4.400000000000000000e+01 1.390619999999999912e-01 9.167400000000000548e-02
8.125000000000000000e+04 3.368419999999999845e+02 1.394740000000000002e+01 1.394740000000000002e+01 1.000000000000000000e+02 6.000000000000000000e+00 4.679999999999999716e+01 4.960000000000000142e+01 1.213660000000000017e-01 8.078280000000000183e-02
8.437500000000000000e+04 3.368419999999999845e+02 1.394740000000000002e+01 1.394740000000000002e+01 1.000000000000000000e+02 6.000000000000000000e+00 5.520000000000000284e+01 5.360000000000000142e+01 1.108940000000000065e-01 6.895669999999999578e-02
8.750000000000000000e+04 3.368419999999999845e+02 1.394740000000000002e+01 1.394740000000000002e+01 1.000000000000000000e+02 6.000000000000000000e+00 6.239999999999999858e+01 5.800000000000000000e+01 1.034859999999999947e-01 6.796770000000000589e-02
9.062500000000000000e+04 3.368419999999999845e+02 1.394740000000000002e+01 1.394740000000000002e+01 1.000000000000000000e+02 6.000000000000000000e+00 6.920000000000000284e+01 6.239999999999999858e+01 8.925439999999999763e-02 6.261139999999999761e-02
9.375000000000000000e+04 3.368419999999999845e+02 1.394740000000000002e+01 1.394740000000000002e+01 1.000000000000000000e+02 6.000000000000000000e+00 7.600000000000000000e+01 6.640000000000000568e+01 8.220639999999999892e-02 5.963569999999999982e-02
9.687500000000000000e+04 3.368419999999999845e+02 1.394740000000000002e+01 1.394740000000000002e+01 1.000000000000000000e+02 6.000000000000000000e+00 8.240000000000000568e+01 7.040000000000000568e+01 7.778029999999999666e-02 5.532549999999999968e-02
1.000000000000000000e+05 3.368419999999999845e+02 1.394740000000000002e+01 1.394740000000000002e+01 1.000000000000000000e+02 6.000000000000000000e+00 8.800000000000000000e+01 7.359999999999999432e+01 7.740410000000000346e-02 5.314270000000000105e-02
9.375000000000000000e+04 3.368419999999999845e+02 1.394740000000000002e+01 1.842109999999999914e+01 1.000000000000000000e+02 6.000000000000000000e+00 5.400000000000000000e+01 6.640000000000000568e+01 1.171859999999999985e-01 5.963569999999999982e-02
9.687500000000000000e+04 3.368419999999999845e+02 1.394740000000000002e+01 1.842109999999999914e+01 1.000000000000000000e+02 6.000000000000000000e+00 6.120000000000000284e+01 7.040000000000000568e+01 1.075440000000000007e-01 5.532549999999999968e-02
1.000000000000000000e+05 3.368419999999999845e+02 1.394740000000000002e+01 1.842109999999999914e+01 1.000000000000000000e+02 6.000000000000000000e+00 6.800000000000000000e+01 7.359999999999999432e+01 1.014670000000000016e-01 5.314270000000000105e-02
7.500000000000000000e+04 3.631580000000000155e+02 1.394740000000000002e+01 1.394740000000000002e+01 1.000000000000000000e+02 6.000000000000000000e+00 2.639999999999999858e+01 3.839999999999999858e+01 1.942139999999999977e-01 1.057229999999999975e-01
7.812500000000000000e+04 3.631580000000000155e+02 1.394740000000000002e+01 1.394740000000000002e+01 1.000000000000000000e+02 6.000000000000000000e+00 3.560000000000000142e+01 4.400000000000000000e+01 1.360959999999999948e-01 9.167400000000000548e-02
8.125000000000000000e+04 3.631580000000000155e+02 1.394740000000000002e+01 1.394740000000000002e+01 1.000000000000000000e+02 6.000000000000000000e+00 4.400000000000000000e+01 4.960000000000000142e+01 1.206969999999999987e-01 8.078280000000000183e-02
8.437500000000000000e+04 3.631580000000000155e+02 1.394740000000000002e+01 1.394740000000000002e+01 1.000000000000000000e+02 6.000000000000000000e+00 5.120000000000000284e+01 5.360000000000000142e+01 1.036959999999999965e-01 6.895669999999999578e-02
8.750000000000000000e+04 3.631580000000000155e+02 1.394740000000000002e+01 1.394740000000000002e+01 1.000000000000000000e+02 6.000000000000000000e+00 5.800000000000000000e+01 5.800000000000000000e+01 9.644949999999999357e-02 6.796770000000000589e-02
9.062500000000000000e+04 3.631580000000000155e+02 1.394740000000000002e+01 1.394740000000000002e+01 1.000000000000000000e+02 6.000000000000000000e+00 6.479999999999999716e+01 6.239999999999999858e+01 8.745749999999999358e-02 6.261139999999999761e-02
9.375000000000000000e+04 3.631580000000000155e+02 1.394740000000000002e+01 1.394740000000000002e+01 1.000000000000000000e+02 6.000000000000000000e+00 7.120000000000000284e+01 6.640000000000000568e+01 8.384909999999999586e-02 5.963569999999999982e-02
9.687500000000000000e+04 3.631580000000000155e+02 1.394740000000000002e+01 1.394740000000000002e+01 1.000000000000000000e+02 6.000000000000000000e+00 7.720000000000000284e+01 7.040000000000000568e+01 7.690289999999999626e-02 5.532549999999999968e-02
1.000000000000000000e+05 3.631580000000000155e+02 1.394740000000000002e+01 1.394740000000000002e+01 1.000000000000000000e+02 6.000000000000000000e+00 8.240000000000000568e+01 7.359999999999999432e+01 7.506150000000000322e-02 5.314270000000000105e-02
9.687500000000000000e+04 3.631580000000000155e+02 1.394740000000000002e+01 1.842109999999999914e+01 1.000000000000000000e+02 6.000000000000000000e+00 5.720000000000000284e+01 7.040000000000000568e+01 1.060009999999999980e-01 5.532549999999999968e-02
1.000000000000000000e+05 3.631580000000000155e+02 1.394740000000000002e+01 1.842109999999999914e+01 1.000000000000000000e+02 6.000000000000000000e+00 6.320000000000000284e+01 7.359999999999999432e+01 9.947820000000000273e-02 5.314270000000000105e-02
7.500000000000000000e+04 3.894739999999999895e+02 1.394740000000000002e+01 1.394740000000000002e+01 1.000000000000000000e+02 6.000000000000000000e+00 2.480000000000000071e+01 3.839999999999999858e+01 1.930399999999999894e-01 1.057229999999999975e-01
7.812500000000000000e+04 3.894739999999999895e+02 1.394740000000000002e+01 1.394740000000000002e+01 1.000000000000000000e+02 6.000000000000000000e+00 3.320000000000000284e+01 4.400000000000000000e+01 1.346529999999999949e-01 9.167400000000000548e-02
8.125000000000000000e+04 3.894739999999999895e+02 1.394740000000000002e+01 1.394740000000000002e+01 1.000000000000000000e+02 6.000000000000000000e+00 4.120000000000000284e+01 4.960000000000000142e+01 1.231970000000000010e-01 8.078280000000000183e-02
8.437500000000000000e+04 3.894739999999999895e+02 1.394740000000000002e+01 1.394740000000000002e+01 1.000000000000000000e+02 6.000000000000000000e+00 4.760000000000000142e+01 5.360000000000000142e+01 1.097569999999999935e-01 6.895669999999999578e-02
8.750000000000000000e+04 3.894739999999999895e+02 1.394740000000000002e+01 1.394740000000000002e+01 1.000000000000000000e+02 6.000000000000000000e+00 5.479999999999999716e+01 5.800000000000000000e+01 9.522659999999999458e-02 6.796770000000000589e-02
9.062500000000000000e+04 3.894739999999999895e+02 1.394740000000000002e+01 1.394740000000000002e+01 1.000000000000000000e+02 6.000000000000000000e+00 6.079999999999999716e+01 6.239999999999999858e+01 8.458090000000000053e-02 6.261139999999999761e-02
9.375000000000000000e+04 3.894739999999999895e+02 1.394740000000000002e+01 1.394740000000000002e+01 1.000000000000000000e+02 6.000000000000000000e+00 6.679999999999999716e+01 6.640000000000000568e+01 8.233379999999999865e-02 5.963569999999999982e-02
9.687500000000000000e+04 3.894739999999999895e+02 1.394740000000000002e+01 1.394740000000000002e+01 1.000000000000000000e+02 6.000000000000000000e+00 7.240000000000000568e+01 7.040000000000000568e+01 7.393239999999999534e-02 5.532549999999999968e-02
1.000000000000000000e+05 3.894739999999999895e+02 1.394740000000000002e+01 1.394740000000000002e+01 1.000000000000000000e+02 6.000000000000000000e+00 7.759999999999999432e+01 7.359999999999999432e+01 7.953069999999999584e-02 5.314270000000000105e-02
1.000000000000000000e+05 3.894739999999999895e+02 1.394740000000000002e+01 1.842109999999999914e+01 1.000000000000000000e+02 6.000000000000000000e+00 6.000000000000000000e+01 7.359999999999999432e+01 9.617280000000000273e-02 5.314270000000000105e-02
7.812500000000000000e+04 4.157889999999999873e+02 1.394740000000000002e+01 1.394740000000000002e+01 1.000000000000000000e+02 6.000000000000000000e+00 3.119999999999999929e+01 4.400000000000000000e+01 1.272669999999999912e-01 9.167400000000000548e-02
8.125000000000000000e+04 4.157889999999999873e+02 1.394740000000000002e+01 1.394740000000000002e+01 1.000000000000000000e+02 6.000000000000000000e+00 3.800000000000000000e+01 4.960000000000000142e+01 1.191819999999999963e-01 8.078280000000000183e-02
8.437500000000000000e+04 4.157889999999999873e+02 1.394740000000000002e+01 1.394740000000000002e+01 1.000000000000000000e+02 6.000000000000000000e+00 4.520000000000000284e+01 5.360000000000000142e+01 1.048420000000000046e-01 6.895669999999999578e-02
8.750000000000000000e+04 4.157889999999999873e+02 1.394740000000000002e+01 1.394740000000000002e+01 1.000000000000000000e+02 6.000000000000000000e+00 5.120000000000000284e+01 5.800000000000000000e+01 9.607480000000000186e-02 6.796770000000000589e-02
9.062500000000000000e+04 4.157889999999999873e+02 1.394740000000000002e+01 1.394740000000000002e+01 1.000000000000000000e+02 6.000000000000000000e+00 5.720000000000000284e+01 6.239999999999999858e+01 8.406589999999999896e-02 6.261139999999999761e-02
9.375000000000000000e+04 4.157889999999999873e+02 1.394740000000000002e+01 1.394740000000000002e+01 1.000000000000000000e+02 6.000000000000000000e+00 6.320000000000000284e+01 6.640000000000000568e+01 7.945449999999999735e-02 5.963569999999999982e-02
9.687500000000000000e+04 4.157889999999999873e+02 1.394740000000000002e+01 1.394740000000000002e+01 1.000000000000000000e+02 6.000000000000000000e+00 6.879999999999999716e+01 7.040000000000000568e+01 7.633389999999999620e-02 5.532549999999999968e-02
1.000000000000000000e+05 4.157889999999999873e+02 1.394740000000000002e+01 1.394740000000000002e+01 1.000000000000000000e+02 6.000000000000000000e+00 7.320000000000000284e+01 7.359999999999999432e+01 7.505009999999999459e-02 5.314270000000000105e-02
7.812500000000000000e+04 4.421050000000000182e+02 1.394740000000000002e+01 1.394740000000000002e+01 1.000000000000000000e+02 6.000000000000000000e+00 3.000000000000000000e+01 4.400000000000000000e+01 1.356330000000000036e-01 9.167400000000000548e-02
8.125000000000000000e+04 4.421050000000000182e+02 1.394740000000000002e+01 1.394740000000000002e+01 1.000000000000000000e+02 6.000000000000000000e+00 3.600000000000000000e+01 4.960000000000000142e+01 1.153829999999999995e-01 8.078280000000000183e-02
8.437500000000000000e+04 4.421050000000000182e+02 1.394740000000000002e+01 1.394740000000000002e+01 1.000000000000000000e+02 6.000000000000000000e+00 4.279999999999999716e+01 5.360000000000000142e+01 9.805010000000000114e-02 6.895669999999999578e-02
8.750000000000000000e+04 4.421050000000000182e+02 1.394740000000000002e+01 1.394740000000000002e+01 1.000000000000000000e+02 6.000000000000000000e+00 4.879999999999999716e+01 5.800000000000000000e+01 9.021039999999999615e-02 6.796770000000000589e-02
9.062500000000000000e+04 4.421050000000000182e+02 1.394740000000000002e+01 1.394740000000000002e+01 1.000000000000000000e+02 6.000000000000000000e+00 5.439999999999999858e+01 6.239999999999999858e+01 8.236739999999999340e-02 6.261139999999999761e-02
9.375000000000000000e+04 4.421050000000000182e+02 1.394740000000000002e+01 1.394740000000000002e+01 1.000000000000000000e+02 6.000000000000000000e+00 5.920000000000000284e+01 6.640000000000000568e+01 8.078979999999999495e-02 5.963569999999999982e-02
9.687500000000000000e+04 4.421050000000000182e+02 1.394740000000000002e+01 1.394740000000000002e+01 1.000000000000000000e+02 6.000000000000000000e+00 6.479999999999999716e+01 7.040000000000000568e+01 7.346189999999999665e-02 5.532549999999999968e-02
1.000000000000000000e+05 4.421050000000000182e+02 1.394740000000000002e+01 1.394740000000000002e+01 1.000000000000000000e+02 6.000000000000000000e+00 6.959999999999999432e+01 7.359999999999999432e+01 7.215290000000000592e-02 5.314270000000000105e-02
8.437500000000000000e+04 4.684209999999999923e+02 1.394740000000000002e+01 1.394740000000000002e+01 1.000000000000000000e+02 6.000000000000000000e+00 4.039999999999999858e+01 5.360000000000000142e+01 9.848020000000000385e-02 6.895669999999999578e-02
8.750000000000000000e+04 4.684209999999999923e+02 1.394740000000000002e+01 1.394740000000000002e+01 1.000000000000000000e+02 6.000000000000000000e+00 4.560000000000000142e+01 5.800000000000000000e+01 9.301579999999999571e-02 6.796770000000000589e-02
9.062500000000000000e+04 4.684209999999999923e+02 1.394740000000000002e+01 1.394740000000000002e+01 1.000000000000000000e+02 6.000000000000000000e+00 5.160000000000000142e+01 6.239999999999999858e+01 8.586259999999999726e-02 6.261139999999999761e-02
9.375000000000000000e+04 4.684209999999999923e+02 1.394740000000000002e+01 1.394740000000000002e+01 1.000000000000000000e+02 6.000000000000000000e+00 5.639999999999999858e+01 6.640000000000000568e+01 7.978490000000000582e-02 5.963569999999999982e-02
9.687500000000000000e+04 4.684209999999999923e+02 1.394740000000000002e+01 1.394740000000000002e+01 1.000000000000000000e+02 6.000000000000000000e+00 6.120000000000000284e+01 7.040000000000000568e+01 7.477359999999999562e-02 5.532549999999999968e-02
1.000000000000000000e+05 4.684209999999999923e+02 1.394740000000000002e+01 1.394740000000000002e+01 1.000000000000000000e+02 6.000000000000000000e+00 6.640000000000000568e+01 7.359999999999999432e+01 7.408430000000000570e-02 5.314270000000000105e-02
